7001 0 FW13-e007 35
7001 0 FW13-e009 20
7001 0 FW13-e012 30
7001 0 FW13-e013 20
7001 0 FW13-e015 29
7001 0 FW13-e019 1
7001 0 FW13-e024 4
7001 0 FW13-e025 3
7001 0 FW13-e029 23
7001 0 FW13-e032 5
7001 0 FW13-e036 212
7001 0 FW13-e037 5
7001 0 FW13-e047 2
7001 0 FW13-e048 14
7001 0 FW13-e055 141
7001 0 FW13-e065 110
7001 0 FW13-e066 8
7001 0 FW13-e077 18
7001 0 FW13-e081 35
7001 0 FW13-e088 36
7001 0 FW13-e090 1
7001 0 FW13-e098 23
7001 0 FW13-e102 9
7001 0 FW13-e104 11
7001 0 FW13-e111 88
7001 0 FW13-e112 19
7001 0 FW13-e113 11
7001 0 FW13-e129 10
7001 0 FW13-e130 1
7001 0 FW13-e131 23
7001 0 FW13-e132 26
7001 0 FW13-e134 22
7001 0 FW13-e136 106
7001 0 FW13-e147 1
7001 0 FW13-e156 5
7001 0 FW13-e159 3
7001 0 FW13-e160 7
7001 0 FW13-e168 3
7001 0 FW13-e169 2
7001 0 FW13-e170 18
7001 0 FW13-e174 2
7001 0 FW13-e175 29
7001 0 FW13-e176 7
7001 0 FW13-e200 41
7002 0 FW13-e007 31
7002 0 FW13-e008 4
7002 0 FW13-e009 156
7002 0 FW13-e012 4
7002 0 FW13-e013 30
7002 0 FW13-e015 457
7002 0 FW13-e024 4
7002 0 FW13-e025 5
7002 0 FW13-e029 85
7002 0 FW13-e036 29
7002 0 FW13-e037 2
7002 0 FW13-e039 4
7002 0 FW13-e055 72
7002 0 FW13-e065 9
7002 0 FW13-e066 51
7002 0 FW13-e077 6
7002 0 FW13-e081 13
7002 0 FW13-e088 14
7002 0 FW13-e098 30
7002 0 FW13-e102 16
7002 0 FW13-e104 16
7002 0 FW13-e108 1
7002 0 FW13-e111 66
7002 0 FW13-e112 28
7002 0 FW13-e113 1
7002 0 FW13-e126 1
7002 0 FW13-e129 7
7002 0 FW13-e131 2
7002 0 FW13-e132 7
7002 0 FW13-e134 6
7002 0 FW13-e142 2
7002 0 FW13-e147 3
7002 0 FW13-e156 4
7002 0 FW13-e159 4
7002 0 FW13-e160 3
7002 0 FW13-e169 5
7002 0 FW13-e170 12
7002 0 FW13-e174 1
7002 0 FW13-e175 7
7002 0 FW13-e176 5
7002 0 FW13-e200 9
7003 0 FW13-e007 40
7003 0 FW13-e009 5
7003 0 FW13-e012 5
7003 0 FW13-e013 24
7003 0 FW13-e015 21
7003 0 FW13-e020 16
7003 0 FW13-e025 14
7003 0 FW13-e029 31
7003 0 FW13-e032 5
7003 0 FW13-e036 115
7003 0 FW13-e037 78
7003 0 FW13-e038 26
7003 0 FW13-e039 15
7003 0 FW13-e047 1
7003 0 FW13-e048 17
7003 0 FW13-e055 55
7003 0 FW13-e065 5
7003 0 FW13-e066 134
7003 0 FW13-e080 3
7003 0 FW13-e081 15
7003 0 FW13-e085 2
7003 0 FW13-e088 18
7003 0 FW13-e090 3
7003 0 FW13-e098 18
7003 0 FW13-e099 1
7003 0 FW13-e102 31
7003 0 FW13-e104 21
7003 0 FW13-e108 3
7003 0 FW13-e111 49
7003 0 FW13-e112 27
7003 0 FW13-e113 5
7003 0 FW13-e126 23
7003 0 FW13-e129 28
7003 0 FW13-e130 26
7003 0 FW13-e131 5
7003 0 FW13-e132 34
7003 0 FW13-e134 18
7003 0 FW13-e137 6
7003 0 FW13-e142 6
7003 0 FW13-e154 1
7003 0 FW13-e156 8
7003 0 FW13-e159 2
7003 0 FW13-e160 4
7003 0 FW13-e168 9
7003 0 FW13-e170 16
7003 0 FW13-e172 2
7003 0 FW13-e174 13
7003 0 FW13-e175 18
7003 0 FW13-e176 1
7003 0 FW13-e200 36
7007 0 FW13-e007 319
7007 0 FW13-e008 12
7007 0 FW13-e009 419
7007 0 FW13-e012 38
7007 0 FW13-e013 210
7007 0 FW13-e015 61
7007 0 FW13-e019 11
7007 0 FW13-e020 11
7007 0 FW13-e024 101
7007 0 FW13-e025 12
7007 0 FW13-e029 161
7007 0 FW13-e032 10
7007 0 FW13-e036 66
7007 0 FW13-e037 16
7007 0 FW13-e038 42
7007 0 FW13-e039 219
7007 0 FW13-e048 150
7007 0 FW13-e055 237
7007 0 FW13-e065 310
7007 0 FW13-e066 154
7007 0 FW13-e077 188
7007 0 FW13-e080 46
7007 0 FW13-e081 172
7007 0 FW13-e085 4
7007 0 FW13-e088 77
7007 0 FW13-e090 311
7007 0 FW13-e098 166
7007 0 FW13-e099 79
7007 0 FW13-e102 192
7007 0 FW13-e104 212
7007 0 FW13-e108 112
7007 0 FW13-e111 799
7007 0 FW13-e112 393
7007 0 FW13-e113 8
7007 0 FW13-e126 99
7007 0 FW13-e129 44
7007 0 FW13-e130 17
7007 0 FW13-e131 55
7007 0 FW13-e132 66
7007 0 FW13-e134 25
7007 0 FW13-e137 22
7007 0 FW13-e142 19
7007 0 FW13-e147 20
7007 0 FW13-e154 17
7007 0 FW13-e156 2960
7007 0 FW13-e159 69
7007 0 FW13-e160 137
7007 0 FW13-e168 11
7007 0 FW13-e169 43
7007 0 FW13-e170 112
7007 0 FW13-e172 2548
7007 0 FW13-e173 1
7007 0 FW13-e174 278
7007 0 FW13-e175 125
7007 0 FW13-e176 110
7007 0 FW13-e200 158
7008 0 FW13-e007 63
7008 0 FW13-e009 111
7008 0 FW13-e012 230
7008 0 FW13-e013 212
7008 0 FW13-e015 185
7008 0 FW13-e019 52
7008 0 FW13-e020 16
7008 0 FW13-e024 14
7008 0 FW13-e025 27
7008 0 FW13-e029 87
7008 0 FW13-e032 90
7008 0 FW13-e036 42
7008 0 FW13-e037 13
7008 0 FW13-e038 22
7008 0 FW13-e039 94
7008 0 FW13-e047 17
7008 0 FW13-e048 86
7008 0 FW13-e055 97
7008 0 FW13-e065 1
7008 0 FW13-e066 14
7008 0 FW13-e077 5
7008 0 FW13-e080 7
7008 0 FW13-e081 2
7008 0 FW13-e085 79
7008 0 FW13-e088 48
7008 0 FW13-e090 28
7008 0 FW13-e098 55
7008 0 FW13-e099 5833
7008 0 FW13-e102 36
7008 0 FW13-e104 124
7008 0 FW13-e108 7
7008 0 FW13-e111 54
7008 0 FW13-e112 25
7008 0 FW13-e113 6
7008 0 FW13-e126 58
7008 0 FW13-e129 36
7008 0 FW13-e130 13
7008 0 FW13-e131 7
7008 0 FW13-e132 40
7008 0 FW13-e134 33
7008 0 FW13-e136 2
7008 0 FW13-e137 28
7008 0 FW13-e142 47
7008 0 FW13-e147 41
7008 0 FW13-e154 38
7008 0 FW13-e156 108
7008 0 FW13-e159 38
7008 0 FW13-e160 50
7008 0 FW13-e168 2
7008 0 FW13-e169 29
7008 0 FW13-e170 62
7008 0 FW13-e172 16
7008 0 FW13-e173 2
7008 0 FW13-e174 15
7008 0 FW13-e175 58
7008 0 FW13-e176 72
7008 0 FW13-e200 58
7009 0 FW13-e007 56
7009 0 FW13-e008 124
7009 0 FW13-e009 37
7009 0 FW13-e012 86
7009 0 FW13-e013 204
7009 0 FW13-e015 32
7009 0 FW13-e020 8
7009 0 FW13-e024 4339
7009 0 FW13-e025 3
7009 0 FW13-e029 106
7009 0 FW13-e032 9
7009 0 FW13-e036 14
7009 0 FW13-e037 15
7009 0 FW13-e039 3
7009 0 FW13-e048 6
7009 0 FW13-e055 85
7009 0 FW13-e065 9
7009 0 FW13-e066 6
7009 0 FW13-e077 220
7009 0 FW13-e080 64
7009 0 FW13-e081 200
7009 0 FW13-e088 189
7009 0 FW13-e098 27
7009 0 FW13-e099 17
7009 0 FW13-e102 71
7009 0 FW13-e104 25
7009 0 FW13-e108 6
7009 0 FW13-e111 230
7009 0 FW13-e112 91
7009 0 FW13-e113 11
7009 0 FW13-e126 3
7009 0 FW13-e129 37
7009 0 FW13-e130 2
7009 0 FW13-e131 23
7009 0 FW13-e132 158
7009 0 FW13-e134 18
7009 0 FW13-e142 2
7009 0 FW13-e147 17
7009 0 FW13-e154 45
7009 0 FW13-e156 2
7009 0 FW13-e160 7
7009 0 FW13-e168 10
7009 0 FW13-e169 71
7009 0 FW13-e170 35
7009 0 FW13-e172 12
7009 0 FW13-e174 2
7009 0 FW13-e175 212
7009 0 FW13-e176 16
7009 0 FW13-e200 171
7010 0 FW13-e007 105
7010 0 FW13-e008 10
7010 0 FW13-e009 72
7010 0 FW13-e012 18
7010 0 FW13-e013 37
7010 0 FW13-e015 48
7010 0 FW13-e019 12
7010 0 FW13-e020 90
7010 0 FW13-e024 140
7010 0 FW13-e025 48
7010 0 FW13-e029 208
7010 0 FW13-e032 22
7010 0 FW13-e036 35
7010 0 FW13-e037 73
7010 0 FW13-e038 5
7010 0 FW13-e039 31
7010 0 FW13-e047 13
7010 0 FW13-e048 105
7010 0 FW13-e049 21
7010 0 FW13-e055 278
7010 0 FW13-e065 116
7010 0 FW13-e066 200
7010 0 FW13-e077 45
7010 0 FW13-e080 61
7010 0 FW13-e081 205
7010 0 FW13-e085 22
7010 0 FW13-e088 301
7010 0 FW13-e090 57
7010 0 FW13-e098 1640
7010 0 FW13-e099 62
7010 0 FW13-e102 319
7010 0 FW13-e104 365
7010 0 FW13-e108 67
7010 0 FW13-e111 296
7010 0 FW13-e112 101
7010 0 FW13-e113 29
7010 0 FW13-e126 65
7010 0 FW13-e129 263
7010 0 FW13-e130 205
7010 0 FW13-e131 16
7010 0 FW13-e132 201
7010 0 FW13-e134 151
7010 0 FW13-e135 1
7010 0 FW13-e136 3
7010 0 FW13-e137 56
7010 0 FW13-e142 24
7010 0 FW13-e147 27
7010 0 FW13-e154 80
7010 0 FW13-e156 43
7010 0 FW13-e159 1052
7010 0 FW13-e160 1117
7010 0 FW13-e168 14
7010 0 FW13-e169 57
7010 0 FW13-e170 217
7010 0 FW13-e172 151
7010 0 FW13-e173 101
7010 0 FW13-e174 47
7010 0 FW13-e175 296
7010 0 FW13-e176 136
7010 0 FW13-e200 312
7018 0 FW13-e007 6
7018 0 FW13-e009 5
7018 0 FW13-e012 1
7018 0 FW13-e013 6
7018 0 FW13-e015 18
7018 0 FW13-e019 3
7018 0 FW13-e029 4
7018 0 FW13-e032 5
7018 0 FW13-e036 2
7018 0 FW13-e039 7
7018 0 FW13-e055 6
7018 0 FW13-e066 1
7018 0 FW13-e085 1
7018 0 FW13-e088 2
7018 0 FW13-e098 16
7018 0 FW13-e099 5
7018 0 FW13-e102 6
7018 0 FW13-e104 40
7018 0 FW13-e108 19
7018 0 FW13-e111 24
7018 0 FW13-e112 2
7018 0 FW13-e126 1
7018 0 FW13-e129 5
7018 0 FW13-e130 2
7018 0 FW13-e131 10
7018 0 FW13-e132 1
7018 0 FW13-e134 2
7018 0 FW13-e136 3
7018 0 FW13-e137 46
7018 0 FW13-e147 1
7018 0 FW13-e154 2
7018 0 FW13-e156 20
7018 0 FW13-e159 5
7018 0 FW13-e160 11
7018 0 FW13-e169 7
7018 0 FW13-e170 9
7018 0 FW13-e175 5
7018 0 FW13-e176 2
7018 0 FW13-e200 4
7020 0 FW13-e007 36
7020 0 FW13-e008 52
7020 0 FW13-e009 25
7020 0 FW13-e012 51
7020 0 FW13-e013 11
7020 0 FW13-e015 10
7020 0 FW13-e019 1
7020 0 FW13-e020 3
7020 0 FW13-e024 5
7020 0 FW13-e025 10
7020 0 FW13-e029 33
7020 0 FW13-e037 12
7020 0 FW13-e038 1
7020 0 FW13-e039 5
7020 0 FW13-e047 6
7020 0 FW13-e048 9
7020 0 FW13-e055 14
7020 0 FW13-e065 6
7020 0 FW13-e066 262
7020 0 FW13-e077 19
7020 0 FW13-e080 2
7020 0 FW13-e081 54
7020 0 FW13-e085 5
7020 0 FW13-e088 20
7020 0 FW13-e098 25
7020 0 FW13-e099 8
7020 0 FW13-e102 20
7020 0 FW13-e104 33
7020 0 FW13-e108 4
7020 0 FW13-e111 41
7020 0 FW13-e112 25
7020 0 FW13-e113 12
7020 0 FW13-e126 5
7020 0 FW13-e129 20
7020 0 FW13-e130 9
7020 0 FW13-e131 9
7020 0 FW13-e132 15
7020 0 FW13-e134 5
7020 0 FW13-e137 46
7020 0 FW13-e147 3
7020 0 FW13-e156 1
7020 0 FW13-e159 2
7020 0 FW13-e160 10
7020 0 FW13-e168 2
7020 0 FW13-e169 4
7020 0 FW13-e170 15
7020 0 FW13-e172 1
7020 0 FW13-e173 2
7020 0 FW13-e174 1
7020 0 FW13-e175 21
7020 0 FW13-e176 3
7020 0 FW13-e200 20
7023 0 FW13-e007 136
7023 0 FW13-e008 14
7023 0 FW13-e009 43
7023 0 FW13-e012 2
7023 0 FW13-e013 47
7023 0 FW13-e015 203
7023 0 FW13-e019 8
7023 0 FW13-e020 33
7023 0 FW13-e024 190
7023 0 FW13-e025 40
7023 0 FW13-e029 187
7023 0 FW13-e032 10
7023 0 FW13-e036 38
7023 0 FW13-e037 433
7023 0 FW13-e038 9
7023 0 FW13-e039 121
7023 0 FW13-e047 20
7023 0 FW13-e048 215
7023 0 FW13-e055 281
7023 0 FW13-e065 30
7023 0 FW13-e066 972
7023 0 FW13-e077 15
7023 0 FW13-e081 156
7023 0 FW13-e085 90
7023 0 FW13-e088 229
7023 0 FW13-e090 64
7023 0 FW13-e098 129
7023 0 FW13-e099 6
7023 0 FW13-e102 135
7023 0 FW13-e104 113
7023 0 FW13-e108 17
7023 0 FW13-e111 440
7023 0 FW13-e112 169
7023 0 FW13-e113 20
7023 0 FW13-e126 72
7023 0 FW13-e129 203
7023 0 FW13-e130 130
7023 0 FW13-e131 451
7023 0 FW13-e132 247
7023 0 FW13-e134 100
7023 0 FW13-e136 10
7023 0 FW13-e137 41
7023 0 FW13-e142 51
7023 0 FW13-e147 15
7023 0 FW13-e154 23
7023 0 FW13-e156 90
7023 0 FW13-e159 116
7023 0 FW13-e160 228
7023 0 FW13-e168 131
7023 0 FW13-e169 174
7023 0 FW13-e170 116
7023 0 FW13-e172 7
7023 0 FW13-e173 15
7023 0 FW13-e174 19
7023 0 FW13-e175 239
7023 0 FW13-e176 30
7023 0 FW13-e200 237
7025 0 FW13-e007 3
7025 0 FW13-e013 1
7025 0 FW13-e015 3
7025 0 FW13-e024 8
7025 0 FW13-e025 13
7025 0 FW13-e037 3
7025 0 FW13-e048 4
7025 0 FW13-e055 16
7025 0 FW13-e066 2
7025 0 FW13-e077 1
7025 0 FW13-e088 7
7025 0 FW13-e098 2
7025 0 FW13-e102 6
7025 0 FW13-e104 1
7025 0 FW13-e111 23
7025 0 FW13-e112 9
7025 0 FW13-e126 8
7025 0 FW13-e129 1
7025 0 FW13-e130 1
7025 0 FW13-e131 34
7025 0 FW13-e132 2
7025 0 FW13-e134 2
7025 0 FW13-e156 3
7025 0 FW13-e160 1
7025 0 FW13-e169 22
7025 0 FW13-e170 1
7025 0 FW13-e175 1
7025 0 FW13-e200 8
7026 0 FW13-e007 34
7026 0 FW13-e008 58
7026 0 FW13-e013 21
7026 0 FW13-e015 28
7026 0 FW13-e019 4
7026 0 FW13-e020 2
7026 0 FW13-e024 4
7026 0 FW13-e025 5
7026 0 FW13-e029 24
7026 0 FW13-e032 9
7026 0 FW13-e036 1
7026 0 FW13-e038 14
7026 0 FW13-e039 226
7026 0 FW13-e048 19
7026 0 FW13-e055 24
7026 0 FW13-e065 9
7026 0 FW13-e066 12
7026 0 FW13-e081 9
7026 0 FW13-e085 4
7026 0 FW13-e088 31
7026 0 FW13-e090 72
7026 0 FW13-e098 14
7026 0 FW13-e099 22
7026 0 FW13-e102 21
7026 0 FW13-e104 41
7026 0 FW13-e108 3
7026 0 FW13-e111 84
7026 0 FW13-e112 44
7026 0 FW13-e113 1
7026 0 FW13-e126 84
7026 0 FW13-e129 12
7026 0 FW13-e130 11
7026 0 FW13-e132 21
7026 0 FW13-e134 21
7026 0 FW13-e142 2
7026 0 FW13-e147 10
7026 0 FW13-e154 9
7026 0 FW13-e156 10
7026 0 FW13-e159 5
7026 0 FW13-e160 11
7026 0 FW13-e169 1
7026 0 FW13-e170 23
7026 0 FW13-e172 2
7026 0 FW13-e174 3
7026 0 FW13-e175 36
7026 0 FW13-e176 29
7026 0 FW13-e200 34
7027 0 FW13-e007 7
7027 0 FW13-e009 1
7027 0 FW13-e013 1
7027 0 FW13-e029 10
7027 0 FW13-e036 5
7027 0 FW13-e037 9
7027 0 FW13-e039 54
7027 0 FW13-e048 7
7027 0 FW13-e055 33
7027 0 FW13-e066 22
7027 0 FW13-e077 87
7027 0 FW13-e080 18
7027 0 FW13-e081 48
7027 0 FW13-e088 4
7027 0 FW13-e090 1
7027 0 FW13-e098 4
7027 0 FW13-e102 61
7027 0 FW13-e104 2
7027 0 FW13-e108 3
7027 0 FW13-e111 21
7027 0 FW13-e112 40
7027 0 FW13-e113 1
7027 0 FW13-e126 3
7027 0 FW13-e129 9
7027 0 FW13-e130 5
7027 0 FW13-e131 22
7027 0 FW13-e132 15
7027 0 FW13-e134 3
7027 0 FW13-e142 2
7027 0 FW13-e156 3
7027 0 FW13-e159 4
7027 0 FW13-e160 5
7027 0 FW13-e169 5
7027 0 FW13-e170 6
7027 0 FW13-e174 1
7027 0 FW13-e175 3
7027 0 FW13-e176 3
7027 0 FW13-e200 16
7029 0 FW13-e007 61
7029 0 FW13-e009 18
7029 0 FW13-e012 40
7029 0 FW13-e013 18
7029 0 FW13-e015 47
7029 0 FW13-e019 9
7029 0 FW13-e020 179
7029 0 FW13-e024 561
7029 0 FW13-e025 84
7029 0 FW13-e029 295
7029 0 FW13-e032 32
7029 0 FW13-e036 2
7029 0 FW13-e037 60
7029 0 FW13-e038 159
7029 0 FW13-e039 1058
7029 0 FW13-e047 144
7029 0 FW13-e048 1462
7029 0 FW13-e055 1009
7029 0 FW13-e065 104
7029 0 FW13-e066 778
7029 0 FW13-e077 222
7029 0 FW13-e080 132
7029 0 FW13-e081 232
7029 0 FW13-e085 436
7029 0 FW13-e088 621
7029 0 FW13-e090 838
7029 0 FW13-e098 268
7029 0 FW13-e099 86
7029 0 FW13-e102 937
7029 0 FW13-e104 483
7029 0 FW13-e108 578
7029 0 FW13-e111 987
7029 0 FW13-e112 710
7029 0 FW13-e113 25
7029 0 FW13-e126 441
7029 0 FW13-e129 502
7029 0 FW13-e130 406
7029 0 FW13-e131 695
7029 0 FW13-e132 756
7029 0 FW13-e134 225
7029 0 FW13-e135 111
7029 0 FW13-e136 180
7029 0 FW13-e137 386
7029 0 FW13-e142 127
7029 0 FW13-e147 2929
7029 0 FW13-e154 124
7029 0 FW13-e156 255
7029 0 FW13-e159 606
7029 0 FW13-e160 454
7029 0 FW13-e168 94
7029 0 FW13-e169 293
7029 0 FW13-e170 413
7029 0 FW13-e172 199
7029 0 FW13-e173 151
7029 0 FW13-e174 150
7029 0 FW13-e175 798
7029 0 FW13-e176 182
7029 0 FW13-e200 806
7030 0 FW13-e015 2
7030 0 FW13-e019 9218
7030 0 FW13-e025 45
7030 0 FW13-e029 6
7030 0 FW13-e037 1
7030 0 FW13-e038 9
7030 0 FW13-e039 26
7030 0 FW13-e048 11
7030 0 FW13-e055 93
7030 0 FW13-e066 7
7030 0 FW13-e085 1
7030 0 FW13-e088 30
7030 0 FW13-e090 47
7030 0 FW13-e098 5
7030 0 FW13-e099 1
7030 0 FW13-e102 2
7030 0 FW13-e104 12
7030 0 FW13-e111 7
7030 0 FW13-e112 3
7030 0 FW13-e113 9
7030 0 FW13-e126 59
7030 0 FW13-e129 58
7030 0 FW13-e130 151
7030 0 FW13-e131 1
7030 0 FW13-e132 54
7030 0 FW13-e134 5
7030 0 FW13-e147 222
7030 0 FW13-e154 4
7030 0 FW13-e156 9
7030 0 FW13-e160 3
7030 0 FW13-e170 8
7030 0 FW13-e174 6
7030 0 FW13-e175 69
7030 0 FW13-e176 105
7030 0 FW13-e200 48
7031 0 FW13-e007 174
7031 0 FW13-e008 135
7031 0 FW13-e009 149
7031 0 FW13-e012 245
7031 0 FW13-e013 175
7031 0 FW13-e015 91
7031 0 FW13-e019 28
7031 0 FW13-e020 35
7031 0 FW13-e024 9
7031 0 FW13-e025 21
7031 0 FW13-e029 158
7031 0 FW13-e032 28
7031 0 FW13-e036 40
7031 0 FW13-e037 44
7031 0 FW13-e038 14
7031 0 FW13-e039 81
7031 0 FW13-e047 35
7031 0 FW13-e048 340
7031 0 FW13-e055 237
7031 0 FW13-e065 88
7031 0 FW13-e066 530
7031 0 FW13-e077 131
7031 0 FW13-e080 52
7031 0 FW13-e081 155
7031 0 FW13-e085 292
7031 0 FW13-e088 100
7031 0 FW13-e090 36
7031 0 FW13-e098 165
7031 0 FW13-e099 41
7031 0 FW13-e102 109
7031 0 FW13-e104 198
7031 0 FW13-e108 27
7031 0 FW13-e111 319
7031 0 FW13-e112 141
7031 0 FW13-e113 16
7031 0 FW13-e126 47
7031 0 FW13-e129 60
7031 0 FW13-e130 49
7031 0 FW13-e131 368
7031 0 FW13-e132 76
7031 0 FW13-e134 140
7031 0 FW13-e136 153
7031 0 FW13-e137 127
7031 0 FW13-e142 26
7031 0 FW13-e147 89
7031 0 FW13-e154 12
7031 0 FW13-e156 77
7031 0 FW13-e159 72
7031 0 FW13-e160 177
7031 0 FW13-e168 17
7031 0 FW13-e169 136
7031 0 FW13-e170 105
7031 0 FW13-e172 16
7031 0 FW13-e173 15
7031 0 FW13-e174 69
7031 0 FW13-e175 86
7031 0 FW13-e176 70
7031 0 FW13-e200 89
7033 0 FW13-e007 1
7033 0 FW13-e009 2
7033 0 FW13-e012 5
7033 0 FW13-e015 2
7033 0 FW13-e029 5
7033 0 FW13-e036 6
7033 0 FW13-e037 1
7033 0 FW13-e085 4
7033 0 FW13-e088 2
7033 0 FW13-e102 1
7033 0 FW13-e129 1
7033 0 FW13-e134 1
7033 0 FW13-e160 6
7033 0 FW13-e170 1
7033 0 FW13-e172 32
7033 0 FW13-e173 4
7033 0 FW13-e175 1
7033 0 FW13-e176 1
7033 0 FW13-e200 1
7034 0 FW13-e007 15
7034 0 FW13-e009 1
7034 0 FW13-e013 7
7034 0 FW13-e015 2
7034 0 FW13-e019 4
7034 0 FW13-e024 15
7034 0 FW13-e025 13
7034 0 FW13-e029 14
7034 0 FW13-e032 9
7034 0 FW13-e037 15
7034 0 FW13-e039 20
7034 0 FW13-e048 24
7034 0 FW13-e055 63
7034 0 FW13-e066 15
7034 0 FW13-e077 7
7034 0 FW13-e081 8
7034 0 FW13-e088 25
7034 0 FW13-e090 8
7034 0 FW13-e098 14
7034 0 FW13-e099 44
7034 0 FW13-e102 79
7034 0 FW13-e104 28
7034 0 FW13-e108 30
7034 0 FW13-e111 239
7034 0 FW13-e112 224
7034 0 FW13-e113 12
7034 0 FW13-e126 20
7034 0 FW13-e129 17
7034 0 FW13-e130 16
7034 0 FW13-e131 21
7034 0 FW13-e132 28
7034 0 FW13-e134 28
7034 0 FW13-e142 157
7034 0 FW13-e147 42
7034 0 FW13-e154 10
7034 0 FW13-e156 19
7034 0 FW13-e159 9
7034 0 FW13-e160 20
7034 0 FW13-e168 243
7034 0 FW13-e169 147
7034 0 FW13-e170 59
7034 0 FW13-e172 9
7034 0 FW13-e174 28
7034 0 FW13-e175 24
7034 0 FW13-e176 23
7034 0 FW13-e200 28
7037 0 FW13-e007 563
7037 0 FW13-e008 12
7037 0 FW13-e009 568
7037 0 FW13-e012 61
7037 0 FW13-e013 239
7037 0 FW13-e015 393
7037 0 FW13-e019 42
7037 0 FW13-e020 253
7037 0 FW13-e024 1989
7037 0 FW13-e025 67
7037 0 FW13-e029 1156
7037 0 FW13-e032 88
7037 0 FW13-e036 62
7037 0 FW13-e037 104
7037 0 FW13-e038 90
7037 0 FW13-e039 921
7037 0 FW13-e047 25
7037 0 FW13-e048 759
7037 0 FW13-e055 735
7037 0 FW13-e065 716
7037 0 FW13-e066 2647
7037 0 FW13-e077 242
7037 0 FW13-e080 14
7037 0 FW13-e081 346
7037 0 FW13-e085 207
7037 0 FW13-e088 645
7037 0 FW13-e090 759
7037 0 FW13-e098 652
7037 0 FW13-e099 102
7037 0 FW13-e102 1626
7037 0 FW13-e104 800
7037 0 FW13-e108 668
7037 0 FW13-e111 2891
7037 0 FW13-e112 1416
7037 0 FW13-e113 92
7037 0 FW13-e126 657
7037 0 FW13-e129 1454
7037 0 FW13-e130 2545
7037 0 FW13-e131 4100
7037 0 FW13-e132 522
7037 0 FW13-e134 2996
7037 0 FW13-e135 2
7037 0 FW13-e136 59
7037 0 FW13-e137 294
7037 0 FW13-e142 14
7037 0 FW13-e147 73
7037 0 FW13-e154 45
7037 0 FW13-e156 3130
7037 0 FW13-e159 596
7037 0 FW13-e160 676
7037 0 FW13-e168 42
7037 0 FW13-e169 1932
7037 0 FW13-e170 774
7037 0 FW13-e172 2583
7037 0 FW13-e173 44
7037 0 FW13-e174 1171
7037 0 FW13-e175 608
7037 0 FW13-e176 654
7037 0 FW13-e200 721
7039 0 FW13-e007 12
7039 0 FW13-e009 15
7039 0 FW13-e012 6
7039 0 FW13-e013 4
7039 0 FW13-e015 86
7039 0 FW13-e025 6
7039 0 FW13-e029 38
7039 0 FW13-e036 1
7039 0 FW13-e038 4
7039 0 FW13-e039 6
7039 0 FW13-e048 22
7039 0 FW13-e055 77
7039 0 FW13-e065 1
7039 0 FW13-e066 2
7039 0 FW13-e077 26
7039 0 FW13-e080 4
7039 0 FW13-e081 12
7039 0 FW13-e088 19
7039 0 FW13-e090 1
7039 0 FW13-e098 4
7039 0 FW13-e099 8
7039 0 FW13-e102 22
7039 0 FW13-e104 3
7039 0 FW13-e108 4
7039 0 FW13-e111 33
7039 0 FW13-e112 12
7039 0 FW13-e113 12
7039 0 FW13-e126 18
7039 0 FW13-e129 10
7039 0 FW13-e130 11
7039 0 FW13-e131 247
7039 0 FW13-e132 35
7039 0 FW13-e134 1
7039 0 FW13-e137 8
7039 0 FW13-e142 3
7039 0 FW13-e147 2
7039 0 FW13-e154 3
7039 0 FW13-e156 141
7039 0 FW13-e159 2
7039 0 FW13-e160 7
7039 0 FW13-e168 12
7039 0 FW13-e169 315
7039 0 FW13-e170 7
7039 0 FW13-e172 1
7039 0 FW13-e174 6
7039 0 FW13-e175 26
7039 0 FW13-e176 20
7039 0 FW13-e200 33
7040 0 FW13-e007 4
7040 0 FW13-e009 1
7040 0 FW13-e012 38
7040 0 FW13-e013 20
7040 0 FW13-e015 21
7040 0 FW13-e019 1
7040 0 FW13-e025 1
7040 0 FW13-e029 20
7040 0 FW13-e032 8
7040 0 FW13-e036 2
7040 0 FW13-e037 4
7040 0 FW13-e047 3
7040 0 FW13-e055 16
7040 0 FW13-e088 2
7040 0 FW13-e099 39
7040 0 FW13-e102 2
7040 0 FW13-e111 1
7040 0 FW13-e126 3
7040 0 FW13-e129 1
7040 0 FW13-e130 1
7040 0 FW13-e132 2
7040 0 FW13-e147 1
7040 0 FW13-e154 4
7040 0 FW13-e156 5
7040 0 FW13-e160 1
7040 0 FW13-e169 3
7040 0 FW13-e172 1
7040 0 FW13-e175 4
7040 0 FW13-e176 6
7040 0 FW13-e200 3
7042 0 FW13-e007 3
7042 0 FW13-e025 6
7042 0 FW13-e048 17
7042 0 FW13-e055 4
7042 0 FW13-e098 1
7042 0 FW13-e099 24
7042 0 FW13-e102 11
7042 0 FW13-e104 1
7042 0 FW13-e108 4
7042 0 FW13-e111 1
7042 0 FW13-e112 10
7042 0 FW13-e126 2
7042 0 FW13-e130 3
7042 0 FW13-e131 2
7042 0 FW13-e132 4
7042 0 FW13-e134 3
7042 0 FW13-e142 120
7042 0 FW13-e147 2
7042 0 FW13-e156 5
7042 0 FW13-e160 9
7042 0 FW13-e170 17
7042 0 FW13-e174 18
7042 0 FW13-e175 3
7042 0 FW13-e200 4
7043 0 FW13-e007 65
7043 0 FW13-e009 8
7043 0 FW13-e012 6
7043 0 FW13-e013 17
7043 0 FW13-e015 6
7043 0 FW13-e019 81
7043 0 FW13-e020 17
7043 0 FW13-e024 4
7043 0 FW13-e025 126
7043 0 FW13-e029 66
7043 0 FW13-e032 53
7043 0 FW13-e036 9
7043 0 FW13-e037 25
7043 0 FW13-e038 13
7043 0 FW13-e039 45
7043 0 FW13-e047 28
7043 0 FW13-e048 142
7043 0 FW13-e055 192
7043 0 FW13-e065 35
7043 0 FW13-e066 118
7043 0 FW13-e077 13
7043 0 FW13-e080 23
7043 0 FW13-e081 65
7043 0 FW13-e085 50
7043 0 FW13-e088 68
7043 0 FW13-e090 289
7043 0 FW13-e098 92
7043 0 FW13-e099 22
7043 0 FW13-e102 74
7043 0 FW13-e104 114
7043 0 FW13-e108 18
7043 0 FW13-e111 141
7043 0 FW13-e112 175
7043 0 FW13-e113 75
7043 0 FW13-e126 38
7043 0 FW13-e129 41
7043 0 FW13-e130 60
7043 0 FW13-e131 54
7043 0 FW13-e132 73
7043 0 FW13-e134 30
7043 0 FW13-e135 45
7043 0 FW13-e136 36
7043 0 FW13-e137 54
7043 0 FW13-e142 144
7043 0 FW13-e147 306
7043 0 FW13-e154 8
7043 0 FW13-e156 10
7043 0 FW13-e159 116
7043 0 FW13-e160 143
7043 0 FW13-e168 70
7043 0 FW13-e169 63
7043 0 FW13-e170 88
7043 0 FW13-e172 45
7043 0 FW13-e173 9
7043 0 FW13-e174 16
7043 0 FW13-e175 48
7043 0 FW13-e176 45
7043 0 FW13-e200 83
7046 0 FW13-e007 11
7046 0 FW13-e013 2
7046 0 FW13-e015 11
7046 0 FW13-e020 2
7046 0 FW13-e025 3
7046 0 FW13-e029 13
7046 0 FW13-e036 3
7046 0 FW13-e037 4
7046 0 FW13-e039 6
7046 0 FW13-e047 2
7046 0 FW13-e048 10
7046 0 FW13-e055 10
7046 0 FW13-e066 10
7046 0 FW13-e077 11
7046 0 FW13-e080 1
7046 0 FW13-e081 3
7046 0 FW13-e085 4
7046 0 FW13-e088 7
7046 0 FW13-e090 13
7046 0 FW13-e098 2
7046 0 FW13-e099 2
7046 0 FW13-e102 1
7046 0 FW13-e104 1
7046 0 FW13-e111 53
7046 0 FW13-e112 59
7046 0 FW13-e126 2
7046 0 FW13-e129 3
7046 0 FW13-e130 2
7046 0 FW13-e131 22
7046 0 FW13-e132 11
7046 0 FW13-e134 4
7046 0 FW13-e135 1
7046 0 FW13-e137 18
7046 0 FW13-e142 4
7046 0 FW13-e147 5
7046 0 FW13-e154 3
7046 0 FW13-e156 4
7046 0 FW13-e159 2
7046 0 FW13-e168 2
7046 0 FW13-e169 15
7046 0 FW13-e170 5
7046 0 FW13-e172 13
7046 0 FW13-e173 5
7046 0 FW13-e174 1
7046 0 FW13-e175 12
7046 0 FW13-e176 2
7046 0 FW13-e200 16
7047 0 FW13-e007 3
7047 0 FW13-e013 1
7047 0 FW13-e015 2
7047 0 FW13-e025 1
7047 0 FW13-e037 1
7047 0 FW13-e055 2
7047 0 FW13-e088 1
7047 0 FW13-e098 2
7047 0 FW13-e111 2
7047 0 FW13-e130 1
7047 0 FW13-e142 2
7047 0 FW13-e147 1
7047 0 FW13-e175 2
7048 0 FW13-e007 7
7048 0 FW13-e013 1
7048 0 FW13-e019 3
7048 0 FW13-e020 3
7048 0 FW13-e024 33
7048 0 FW13-e025 16
7048 0 FW13-e029 34
7048 0 FW13-e036 2
7048 0 FW13-e037 2
7048 0 FW13-e038 12
7048 0 FW13-e039 34
7048 0 FW13-e047 7
7048 0 FW13-e048 114
7048 0 FW13-e055 128
7048 0 FW13-e065 10
7048 0 FW13-e066 36
7048 0 FW13-e081 2
7048 0 FW13-e085 62
7048 0 FW13-e088 76
7048 0 FW13-e090 56
7048 0 FW13-e098 55
7048 0 FW13-e099 2
7048 0 FW13-e102 59
7048 0 FW13-e104 46
7048 0 FW13-e108 2
7048 0 FW13-e111 123
7048 0 FW13-e112 71
7048 0 FW13-e113 2
7048 0 FW13-e126 47
7048 0 FW13-e129 17
7048 0 FW13-e130 24
7048 0 FW13-e131 15
7048 0 FW13-e132 202
7048 0 FW13-e134 460
7048 0 FW13-e142 5
7048 0 FW13-e147 2
7048 0 FW13-e154 3
7048 0 FW13-e156 84
7048 0 FW13-e159 10
7048 0 FW13-e160 11
7048 0 FW13-e168 2
7048 0 FW13-e169 30
7048 0 FW13-e170 51
7048 0 FW13-e172 3
7048 0 FW13-e174 7
7048 0 FW13-e175 113
7048 0 FW13-e176 35
7048 0 FW13-e200 176
7050 0 FW13-e007 295
7050 0 FW13-e008 12
7050 0 FW13-e009 417
7050 0 FW13-e012 32
7050 0 FW13-e013 190
7050 0 FW13-e015 53
7050 0 FW13-e020 9
7050 0 FW13-e024 84
7050 0 FW13-e025 6
7050 0 FW13-e029 140
7050 0 FW13-e032 3
7050 0 FW13-e036 48
7050 0 FW13-e037 14
7050 0 FW13-e038 34
7050 0 FW13-e039 195
7050 0 FW13-e048 137
7050 0 FW13-e055 176
7050 0 FW13-e065 310
7050 0 FW13-e066 141
7050 0 FW13-e077 137
7050 0 FW13-e080 11
7050 0 FW13-e081 171
7050 0 FW13-e088 71
7050 0 FW13-e090 309
7050 0 FW13-e098 148
7050 0 FW13-e099 70
7050 0 FW13-e102 176
7050 0 FW13-e104 178
7050 0 FW13-e108 111
7050 0 FW13-e111 770
7050 0 FW13-e112 361
7050 0 FW13-e113 3
7050 0 FW13-e126 87
7050 0 FW13-e129 38
7050 0 FW13-e130 12
7050 0 FW13-e131 55
7050 0 FW13-e132 65
7050 0 FW13-e134 17
7050 0 FW13-e137 3
7050 0 FW13-e142 6
7050 0 FW13-e147 7
7050 0 FW13-e154 10
7050 0 FW13-e156 2953
7050 0 FW13-e159 40
7050 0 FW13-e160 77
7050 0 FW13-e168 11
7050 0 FW13-e169 40
7050 0 FW13-e170 93
7050 0 FW13-e172 2547
7050 0 FW13-e174 276
7050 0 FW13-e175 117
7050 0 FW13-e176 104
7050 0 FW13-e200 144
7051 0 FW13-e007 16
7051 0 FW13-e013 64
7051 0 FW13-e015 12
7051 0 FW13-e019 24
7051 0 FW13-e020 10
7051 0 FW13-e024 15
7051 0 FW13-e025 14
7051 0 FW13-e029 54
7051 0 FW13-e032 3
7051 0 FW13-e036 319
7051 0 FW13-e037 70
7051 0 FW13-e038 14
7051 0 FW13-e039 71
7051 0 FW13-e048 97
7051 0 FW13-e055 141
7051 0 FW13-e065 8
7051 0 FW13-e066 829
7051 0 FW13-e077 2
7051 0 FW13-e081 9
7051 0 FW13-e085 3
7051 0 FW13-e088 59
7051 0 FW13-e090 95
7051 0 FW13-e098 44
7051 0 FW13-e099 1
7051 0 FW13-e102 65
7051 0 FW13-e104 68
7051 0 FW13-e108 89
7051 0 FW13-e111 176
7051 0 FW13-e112 113
7051 0 FW13-e113 2
7051 0 FW13-e126 35
7051 0 FW13-e129 48
7051 0 FW13-e130 121
7051 0 FW13-e131 101
7051 0 FW13-e132 88
7051 0 FW13-e134 31
7051 0 FW13-e142 4
7051 0 FW13-e147 13
7051 0 FW13-e154 18
7051 0 FW13-e156 14
7051 0 FW13-e159 60
7051 0 FW13-e160 58
7051 0 FW13-e168 4
7051 0 FW13-e169 70
7051 0 FW13-e170 39
7051 0 FW13-e172 4
7051 0 FW13-e173 1
7051 0 FW13-e174 10
7051 0 FW13-e175 84
7051 0 FW13-e176 4
7051 0 FW13-e200 88
7052 0 FW13-e007 3
7052 0 FW13-e009 4
7052 0 FW13-e012 15
7052 0 FW13-e013 3
7052 0 FW13-e015 4
7052 0 FW13-e019 15
7052 0 FW13-e020 2
7052 0 FW13-e024 39
7052 0 FW13-e025 12
7052 0 FW13-e029 22
7052 0 FW13-e032 19
7052 0 FW13-e036 1
7052 0 FW13-e037 10
7052 0 FW13-e038 1
7052 0 FW13-e039 23
7052 0 FW13-e047 16
7052 0 FW13-e048 75
7052 0 FW13-e049 7
7052 0 FW13-e055 235
7052 0 FW13-e066 32
7052 0 FW13-e077 66
7052 0 FW13-e080 62
7052 0 FW13-e081 23
7052 0 FW13-e085 4
7052 0 FW13-e088 56
7052 0 FW13-e090 29
7052 0 FW13-e098 17
7052 0 FW13-e099 28
7052 0 FW13-e102 68
7052 0 FW13-e104 60
7052 0 FW13-e108 20
7052 0 FW13-e111 31
7052 0 FW13-e112 23
7052 0 FW13-e113 17
7052 0 FW13-e126 11
7052 0 FW13-e129 19
7052 0 FW13-e130 8
7052 0 FW13-e131 28
7052 0 FW13-e132 71
7052 0 FW13-e134 11
7052 0 FW13-e135 1
7052 0 FW13-e136 1
7052 0 FW13-e137 16
7052 0 FW13-e142 4
7052 0 FW13-e147 2
7052 0 FW13-e154 8
7052 0 FW13-e156 17
7052 0 FW13-e159 7
7052 0 FW13-e160 17
7052 0 FW13-e168 4
7052 0 FW13-e169 2
7052 0 FW13-e170 22
7052 0 FW13-e172 2417
7052 0 FW13-e173 41
7052 0 FW13-e174 24
7052 0 FW13-e175 90
7052 0 FW13-e176 30
7052 0 FW13-e200 89
7053 0 FW13-e007 2
7053 0 FW13-e019 1
7053 0 FW13-e020 11
7053 0 FW13-e024 22
7053 0 FW13-e025 28
7053 0 FW13-e029 5
7053 0 FW13-e039 1
7053 0 FW13-e047 4
7053 0 FW13-e048 133
7053 0 FW13-e055 17
7053 0 FW13-e066 2
7053 0 FW13-e085 3
7053 0 FW13-e088 4
7053 0 FW13-e098 3
7053 0 FW13-e099 15
7053 0 FW13-e102 23
7053 0 FW13-e104 6
7053 0 FW13-e108 2
7053 0 FW13-e111 178
7053 0 FW13-e112 168
7053 0 FW13-e113 4
7053 0 FW13-e126 10
7053 0 FW13-e129 4
7053 0 FW13-e130 15
7053 0 FW13-e131 19
7053 0 FW13-e132 1
7053 0 FW13-e134 3
7053 0 FW13-e142 37
7053 0 FW13-e147 39
7053 0 FW13-e154 1
7053 0 FW13-e156 5
7053 0 FW13-e168 24
7053 0 FW13-e169 5
7053 0 FW13-e170 24
7053 0 FW13-e174 19
7053 0 FW13-e175 1
7053 0 FW13-e176 18
7053 0 FW13-e200 11
7054 0 FW13-e007 45
7054 0 FW13-e008 4
7054 0 FW13-e009 9
7054 0 FW13-e012 6
7054 0 FW13-e013 7
7054 0 FW13-e015 24
7054 0 FW13-e019 7
7054 0 FW13-e024 99
7054 0 FW13-e025 15
7054 0 FW13-e029 36
7054 0 FW13-e032 15
7054 0 FW13-e036 21
7054 0 FW13-e037 9
7054 0 FW13-e039 4
7054 0 FW13-e047 3
7054 0 FW13-e048 7
7054 0 FW13-e055 76
7054 0 FW13-e065 1
7054 0 FW13-e066 6
7054 0 FW13-e077 5
7054 0 FW13-e080 1
7054 0 FW13-e081 25
7054 0 FW13-e085 13
7054 0 FW13-e088 50
7054 0 FW13-e090 4
7054 0 FW13-e098 27
7054 0 FW13-e099 3
7054 0 FW13-e102 82
7054 0 FW13-e104 61
7054 0 FW13-e108 7
7054 0 FW13-e111 82
7054 0 FW13-e112 96
7054 0 FW13-e113 2
7054 0 FW13-e126 7
7054 0 FW13-e129 19
7054 0 FW13-e130 18
7054 0 FW13-e132 37
7054 0 FW13-e134 7
7054 0 FW13-e136 20
7054 0 FW13-e137 48
7054 0 FW13-e142 2
7054 0 FW13-e147 5
7054 0 FW13-e154 14
7054 0 FW13-e156 6
7054 0 FW13-e159 7
7054 0 FW13-e160 60
7054 0 FW13-e168 1
7054 0 FW13-e169 8
7054 0 FW13-e170 21
7054 0 FW13-e172 59
7054 0 FW13-e173 80
7054 0 FW13-e174 9
7054 0 FW13-e175 57
7054 0 FW13-e176 20
7054 0 FW13-e200 45
7057 0 FW13-e007 250
7057 0 FW13-e008 122
7057 0 FW13-e009 230
7057 0 FW13-e012 223
7057 0 FW13-e013 749
7057 0 FW13-e015 220
7057 0 FW13-e019 20
7057 0 FW13-e020 119
7057 0 FW13-e024 213
7057 0 FW13-e025 124
7057 0 FW13-e029 396
7057 0 FW13-e032 21
7057 0 FW13-e036 101
7057 0 FW13-e037 85
7057 0 FW13-e038 4
7057 0 FW13-e039 71
7057 0 FW13-e047 7
7057 0 FW13-e048 99
7057 0 FW13-e055 660
7057 0 FW13-e065 376
7057 0 FW13-e066 184
7057 0 FW13-e077 298
7057 0 FW13-e080 199
7057 0 FW13-e081 322
7057 0 FW13-e085 22
7057 0 FW13-e088 569
7057 0 FW13-e090 116
7057 0 FW13-e098 244
7057 0 FW13-e099 25
7057 0 FW13-e102 242
7057 0 FW13-e104 154
7057 0 FW13-e108 91
7057 0 FW13-e111 1250
7057 0 FW13-e112 725
7057 0 FW13-e113 128
7057 0 FW13-e126 186
7057 0 FW13-e129 98
7057 0 FW13-e130 71
7057 0 FW13-e131 492
7057 0 FW13-e132 507
7057 0 FW13-e134 189
7057 0 FW13-e135 3
7057 0 FW13-e137 12
7057 0 FW13-e142 21
7057 0 FW13-e147 29
7057 0 FW13-e154 6203
7057 0 FW13-e156 431
7057 0 FW13-e159 47
7057 0 FW13-e160 54
7057 0 FW13-e168 54
7057 0 FW13-e169 513
7057 0 FW13-e170 200
7057 0 FW13-e172 28
7057 0 FW13-e173 11
7057 0 FW13-e174 34
7057 0 FW13-e175 504
7057 0 FW13-e176 151
7057 0 FW13-e200 540
7059 0 FW13-e007 33
7059 0 FW13-e009 7
7059 0 FW13-e012 1
7059 0 FW13-e013 12
7059 0 FW13-e015 33
7059 0 FW13-e019 3
7059 0 FW13-e020 8
7059 0 FW13-e024 80
7059 0 FW13-e025 47
7059 0 FW13-e029 42
7059 0 FW13-e032 28
7059 0 FW13-e036 6
7059 0 FW13-e037 18
7059 0 FW13-e038 3
7059 0 FW13-e039 220
7059 0 FW13-e047 2
7059 0 FW13-e048 28
7059 0 FW13-e055 32
7059 0 FW13-e065 457
7059 0 FW13-e066 1364
7059 0 FW13-e077 7
7059 0 FW13-e080 4
7059 0 FW13-e081 19
7059 0 FW13-e085 11
7059 0 FW13-e088 25
7059 0 FW13-e090 65
7059 0 FW13-e098 38
7059 0 FW13-e099 168
7059 0 FW13-e102 36
7059 0 FW13-e104 39
7059 0 FW13-e108 5
7059 0 FW13-e111 58
7059 0 FW13-e112 28
7059 0 FW13-e113 10
7059 0 FW13-e126 39
7059 0 FW13-e129 33
7059 0 FW13-e130 19
7059 0 FW13-e131 6
7059 0 FW13-e132 26
7059 0 FW13-e134 15
7059 0 FW13-e135 5
7059 0 FW13-e147 17
7059 0 FW13-e154 8
7059 0 FW13-e156 10
7059 0 FW13-e159 10
7059 0 FW13-e160 23
7059 0 FW13-e168 1
7059 0 FW13-e169 4
7059 0 FW13-e170 35
7059 0 FW13-e172 37
7059 0 FW13-e173 4
7059 0 FW13-e174 9
7059 0 FW13-e175 38
7059 0 FW13-e176 21
7059 0 FW13-e200 28
7060 0 FW13-e007 7
7060 0 FW13-e009 7
7060 0 FW13-e013 1
7060 0 FW13-e015 8
7060 0 FW13-e020 14
7060 0 FW13-e024 620
7060 0 FW13-e025 8
7060 0 FW13-e029 13
7060 0 FW13-e032 3
7060 0 FW13-e037 4
7060 0 FW13-e038 2
7060 0 FW13-e039 31
7060 0 FW13-e047 2
7060 0 FW13-e048 26
7060 0 FW13-e055 161
7060 0 FW13-e065 5
7060 0 FW13-e066 48
7060 0 FW13-e077 102
7060 0 FW13-e080 54
7060 0 FW13-e081 71
7060 0 FW13-e085 4
7060 0 FW13-e088 53
7060 0 FW13-e090 17
7060 0 FW13-e098 41
7060 0 FW13-e099 16
7060 0 FW13-e102 172
7060 0 FW13-e104 149
7060 0 FW13-e108 142
7060 0 FW13-e111 193
7060 0 FW13-e112 222
7060 0 FW13-e113 3
7060 0 FW13-e126 41
7060 0 FW13-e129 34
7060 0 FW13-e130 19
7060 0 FW13-e131 12
7060 0 FW13-e132 70
7060 0 FW13-e134 18
7060 0 FW13-e137 20
7060 0 FW13-e147 3
7060 0 FW13-e154 22
7060 0 FW13-e156 10
7060 0 FW13-e159 7
7060 0 FW13-e160 30
7060 0 FW13-e168 1
7060 0 FW13-e169 37
7060 0 FW13-e170 62
7060 0 FW13-e174 25
7060 0 FW13-e175 58
7060 0 FW13-e176 15
7060 0 FW13-e200 68
7061 0 FW13-e007 38
7061 0 FW13-e009 3
7061 0 FW13-e012 1
7061 0 FW13-e013 2
7061 0 FW13-e015 1
7061 0 FW13-e019 21
7061 0 FW13-e020 6
7061 0 FW13-e024 155
7061 0 FW13-e025 28
7061 0 FW13-e029 34
7061 0 FW13-e032 7
7061 0 FW13-e036 6
7061 0 FW13-e037 6
7061 0 FW13-e038 4
7061 0 FW13-e039 66
7061 0 FW13-e047 2
7061 0 FW13-e048 16
7061 0 FW13-e055 60
7061 0 FW13-e065 19
7061 0 FW13-e066 29
7061 0 FW13-e077 18
7061 0 FW13-e080 24
7061 0 FW13-e081 31
7061 0 FW13-e085 5
7061 0 FW13-e088 60
7061 0 FW13-e090 4
7061 0 FW13-e098 11
7061 0 FW13-e099 11
7061 0 FW13-e102 217
7061 0 FW13-e104 166
7061 0 FW13-e108 37
7061 0 FW13-e111 126
7061 0 FW13-e112 94
7061 0 FW13-e113 2
7061 0 FW13-e126 50
7061 0 FW13-e129 18
7061 0 FW13-e130 16
7061 0 FW13-e131 17
7061 0 FW13-e132 61
7061 0 FW13-e134 7
7061 0 FW13-e135 2
7061 0 FW13-e136 10
7061 0 FW13-e137 92
7061 0 FW13-e142 8
7061 0 FW13-e147 14
7061 0 FW13-e154 55
7061 0 FW13-e156 12
7061 0 FW13-e159 201
7061 0 FW13-e160 409
7061 0 FW13-e168 3
7061 0 FW13-e169 61
7061 0 FW13-e170 116
7061 0 FW13-e172 49
7061 0 FW13-e173 17
7061 0 FW13-e174 30
7061 0 FW13-e175 66
7061 0 FW13-e176 36
7061 0 FW13-e200 64
7062 0 FW13-e007 361
7062 0 FW13-e008 10250
7062 0 FW13-e009 265
7062 0 FW13-e012 558
7062 0 FW13-e013 197
7062 0 FW13-e015 227
7062 0 FW13-e019 12
7062 0 FW13-e020 212
7062 0 FW13-e024 384
7062 0 FW13-e025 69
7062 0 FW13-e029 189
7062 0 FW13-e032 26
7062 0 FW13-e036 201
7062 0 FW13-e037 62
7062 0 FW13-e038 34
7062 0 FW13-e039 345
7062 0 FW13-e048 145
7062 0 FW13-e055 877
7062 0 FW13-e065 91
7062 0 FW13-e066 497
7062 0 FW13-e077 65
7062 0 FW13-e080 305
7062 0 FW13-e081 121
7062 0 FW13-e085 17
7062 0 FW13-e088 653
7062 0 FW13-e090 27
7062 0 FW13-e098 474
7062 0 FW13-e099 33
7062 0 FW13-e102 665
7062 0 FW13-e104 810
7062 0 FW13-e108 246
7062 0 FW13-e111 1520
7062 0 FW13-e112 856
7062 0 FW13-e113 18
7062 0 FW13-e126 217
7062 0 FW13-e129 72
7062 0 FW13-e130 50
7062 0 FW13-e131 48
7062 0 FW13-e132 789
7062 0 FW13-e134 98
7062 0 FW13-e135 1
7062 0 FW13-e137 21
7062 0 FW13-e142 11
7062 0 FW13-e147 30
7062 0 FW13-e154 312
7062 0 FW13-e156 150
7062 0 FW13-e159 365
7062 0 FW13-e160 501
7062 0 FW13-e168 8
7062 0 FW13-e169 223
7062 0 FW13-e170 588
7062 0 FW13-e172 27
7062 0 FW13-e173 21
7062 0 FW13-e174 80
7062 0 FW13-e175 950
7062 0 FW13-e176 1339
7062 0 FW13-e200 959
7063 0 FW13-e007 51
7063 0 FW13-e009 74
7063 0 FW13-e012 3
7063 0 FW13-e013 25
7063 0 FW13-e015 277
7063 0 FW13-e019 6
7063 0 FW13-e020 37
7063 0 FW13-e024 150
7063 0 FW13-e025 5
7063 0 FW13-e029 47
7063 0 FW13-e036 13
7063 0 FW13-e037 174
7063 0 FW13-e038 1
7063 0 FW13-e039 13
7063 0 FW13-e048 63
7063 0 FW13-e055 89
7063 0 FW13-e065 36
7063 0 FW13-e066 17
7063 0 FW13-e077 10
7063 0 FW13-e080 29
7063 0 FW13-e081 11
7063 0 FW13-e085 16
7063 0 FW13-e088 68
7063 0 FW13-e090 37
7063 0 FW13-e098 31
7063 0 FW13-e102 65
7063 0 FW13-e104 66
7063 0 FW13-e108 143
7063 0 FW13-e111 30
7063 0 FW13-e112 76
7063 0 FW13-e126 29
7063 0 FW13-e129 84
7063 0 FW13-e130 171
7063 0 FW13-e131 9
7063 0 FW13-e132 131
7063 0 FW13-e134 8
7063 0 FW13-e135 12
7063 0 FW13-e136 61
7063 0 FW13-e137 22
7063 0 FW13-e142 4
7063 0 FW13-e147 8
7063 0 FW13-e154 5
7063 0 FW13-e156 52
7063 0 FW13-e159 19
7063 0 FW13-e160 36
7063 0 FW13-e168 7
7063 0 FW13-e169 14
7063 0 FW13-e170 26
7063 0 FW13-e172 48
7063 0 FW13-e173 9
7063 0 FW13-e174 38
7063 0 FW13-e175 76
7063 0 FW13-e176 10
7063 0 FW13-e200 115
7064 0 FW13-e007 25
7064 0 FW13-e008 3
7064 0 FW13-e009 27
7064 0 FW13-e012 1
7064 0 FW13-e013 21
7064 0 FW13-e015 3
7064 0 FW13-e019 8
7064 0 FW13-e020 75
7064 0 FW13-e024 3
7064 0 FW13-e025 29
7064 0 FW13-e029 27
7064 0 FW13-e032 3
7064 0 FW13-e036 8
7064 0 FW13-e037 21
7064 0 FW13-e038 2
7064 0 FW13-e039 34
7064 0 FW13-e047 3
7064 0 FW13-e048 55
7064 0 FW13-e055 65
7064 0 FW13-e065 14
7064 0 FW13-e066 97
7064 0 FW13-e077 6
7064 0 FW13-e081 90
7064 0 FW13-e085 5
7064 0 FW13-e088 105
7064 0 FW13-e090 23
7064 0 FW13-e098 201
7064 0 FW13-e099 16
7064 0 FW13-e102 54
7064 0 FW13-e104 162
7064 0 FW13-e108 16
7064 0 FW13-e111 158
7064 0 FW13-e112 173
7064 0 FW13-e113 80
7064 0 FW13-e126 24
7064 0 FW13-e129 54
7064 0 FW13-e130 40
7064 0 FW13-e131 20
7064 0 FW13-e132 91
7064 0 FW13-e134 39
7064 0 FW13-e136 15
7064 0 FW13-e137 7
7064 0 FW13-e142 4
7064 0 FW13-e147 6
7064 0 FW13-e154 1
7064 0 FW13-e156 32
7064 0 FW13-e159 33
7064 0 FW13-e160 40
7064 0 FW13-e168 7
7064 0 FW13-e169 15
7064 0 FW13-e170 71
7064 0 FW13-e172 26
7064 0 FW13-e173 8
7064 0 FW13-e174 42
7064 0 FW13-e175 94
7064 0 FW13-e176 106
7064 0 FW13-e200 102
7065 0 FW13-e007 2
7065 0 FW13-e009 6
7065 0 FW13-e013 12
7065 0 FW13-e015 1
7065 0 FW13-e019 1
7065 0 FW13-e020 33
7065 0 FW13-e024 28
7065 0 FW13-e025 135
7065 0 FW13-e029 61
7065 0 FW13-e032 26
7065 0 FW13-e036 2
7065 0 FW13-e037 7
7065 0 FW13-e038 20
7065 0 FW13-e039 155
7065 0 FW13-e047 14
7065 0 FW13-e048 53
7065 0 FW13-e049 3
7065 0 FW13-e055 55
7065 0 FW13-e065 11
7065 0 FW13-e066 72
7065 0 FW13-e077 2
7065 0 FW13-e080 9
7065 0 FW13-e081 22
7065 0 FW13-e085 3
7065 0 FW13-e088 54
7065 0 FW13-e090 712
7065 0 FW13-e098 241
7065 0 FW13-e099 14
7065 0 FW13-e102 51
7065 0 FW13-e104 143
7065 0 FW13-e108 20
7065 0 FW13-e111 83
7065 0 FW13-e112 24
7065 0 FW13-e113 10
7065 0 FW13-e126 32
7065 0 FW13-e129 42
7065 0 FW13-e130 26
7065 0 FW13-e131 4
7065 0 FW13-e132 89
7065 0 FW13-e134 18
7065 0 FW13-e135 41
7065 0 FW13-e136 253
7065 0 FW13-e137 544
7065 0 FW13-e142 48
7065 0 FW13-e147 85
7065 0 FW13-e154 13
7065 0 FW13-e156 50
7065 0 FW13-e159 9
7065 0 FW13-e160 18
7065 0 FW13-e168 20
7065 0 FW13-e169 13
7065 0 FW13-e170 68
7065 0 FW13-e172 62
7065 0 FW13-e173 6
7065 0 FW13-e174 47
7065 0 FW13-e175 85
7065 0 FW13-e176 69
7065 0 FW13-e200 131
7067 0 FW13-e007 199
7067 0 FW13-e008 11
7067 0 FW13-e009 26
7067 0 FW13-e012 29
7067 0 FW13-e013 29
7067 0 FW13-e015 292
7067 0 FW13-e019 25
7067 0 FW13-e020 15
7067 0 FW13-e024 128
7067 0 FW13-e025 8
7067 0 FW13-e029 276
7067 0 FW13-e032 1
7067 0 FW13-e036 49
7067 0 FW13-e037 475
7067 0 FW13-e038 7
7067 0 FW13-e039 53
7067 0 FW13-e047 1
7067 0 FW13-e048 172
7067 0 FW13-e055 261
7067 0 FW13-e065 50
7067 0 FW13-e066 952
7067 0 FW13-e077 33
7067 0 FW13-e081 188
7067 0 FW13-e085 2
7067 0 FW13-e088 405
7067 0 FW13-e090 51
7067 0 FW13-e098 144
7067 0 FW13-e099 7
7067 0 FW13-e102 278
7067 0 FW13-e104 182
7067 0 FW13-e108 68
7067 0 FW13-e111 1227
7067 0 FW13-e112 521
7067 0 FW13-e113 12
7067 0 FW13-e126 47
7067 0 FW13-e129 381
7067 0 FW13-e130 270
7067 0 FW13-e131 595
7067 0 FW13-e132 595
7067 0 FW13-e134 205
7067 0 FW13-e135 2
7067 0 FW13-e136 36
7067 0 FW13-e137 5
7067 0 FW13-e142 137
7067 0 FW13-e147 5
7067 0 FW13-e154 14
7067 0 FW13-e156 47
7067 0 FW13-e159 33
7067 0 FW13-e160 101
7067 0 FW13-e168 14
7067 0 FW13-e169 329
7067 0 FW13-e170 164
7067 0 FW13-e173 34
7067 0 FW13-e174 15
7067 0 FW13-e175 508
7067 0 FW13-e176 20
7067 0 FW13-e200 554
7068 0 FW13-e007 9095
7068 0 FW13-e008 11456
7068 0 FW13-e009 8869
7068 0 FW13-e012 5388
7068 0 FW13-e013 6164
7068 0 FW13-e015 5679
7068 0 FW13-e019 1143
7068 0 FW13-e020 3043
7068 0 FW13-e024 4663
7068 0 FW13-e025 693
7068 0 FW13-e029 10532
7068 0 FW13-e032 565
7068 0 FW13-e036 1426
7068 0 FW13-e037 1937
7068 0 FW13-e038 1505
7068 0 FW13-e039 9002
7068 0 FW13-e047 2259
7068 0 FW13-e048 4526
7068 0 FW13-e049 26
7068 0 FW13-e055 5719
7068 0 FW13-e065 4176
7068 0 FW13-e066 10505
7068 0 FW13-e077 6941
7068 0 FW13-e080 1099
7068 0 FW13-e081 8498
7068 0 FW13-e085 3771
7068 0 FW13-e088 8041
7068 0 FW13-e090 6279
7068 0 FW13-e098 6308
7068 0 FW13-e099 308
7068 0 FW13-e102 8311
7068 0 FW13-e104 9063
7068 0 FW13-e108 3559
7068 0 FW13-e111 10859
7068 0 FW13-e112 9869
7068 0 FW13-e113 834
7068 0 FW13-e126 4613
7068 0 FW13-e129 4185
7068 0 FW13-e130 2681
7068 0 FW13-e131 7413
7068 0 FW13-e132 8025
7068 0 FW13-e134 3965
7068 0 FW13-e135 692
7068 0 FW13-e136 3238
7068 0 FW13-e137 5617
7068 0 FW13-e142 1117
7068 0 FW13-e147 1061
7068 0 FW13-e154 1529
7068 0 FW13-e156 6078
7068 0 FW13-e159 4706
7068 0 FW13-e160 7181
7068 0 FW13-e168 1207
7068 0 FW13-e169 7401
7068 0 FW13-e170 6120
7068 0 FW13-e172 712
7068 0 FW13-e173 1114
7068 0 FW13-e174 1150
7068 0 FW13-e175 9189
7068 0 FW13-e176 1426
7068 0 FW13-e200 9180
7069 0 FW13-e007 9
7069 0 FW13-e012 5
7069 0 FW13-e013 1
7069 0 FW13-e015 2
7069 0 FW13-e020 9
7069 0 FW13-e024 22
7069 0 FW13-e025 8
7069 0 FW13-e029 14
7069 0 FW13-e032 3
7069 0 FW13-e036 11
7069 0 FW13-e037 18
7069 0 FW13-e038 3
7069 0 FW13-e039 43
7069 0 FW13-e048 5
7069 0 FW13-e055 34
7069 0 FW13-e065 4
7069 0 FW13-e066 51
7069 0 FW13-e077 1
7069 0 FW13-e081 4
7069 0 FW13-e085 8
7069 0 FW13-e088 17
7069 0 FW13-e090 14
7069 0 FW13-e098 17
7069 0 FW13-e099 2
7069 0 FW13-e102 25
7069 0 FW13-e104 10
7069 0 FW13-e108 9
7069 0 FW13-e111 32
7069 0 FW13-e112 35
7069 0 FW13-e113 4
7069 0 FW13-e126 11
7069 0 FW13-e129 7
7069 0 FW13-e130 1
7069 0 FW13-e131 1
7069 0 FW13-e132 18
7069 0 FW13-e134 5
7069 0 FW13-e137 2
7069 0 FW13-e142 125
7069 0 FW13-e147 56
7069 0 FW13-e160 11
7069 0 FW13-e169 2
7069 0 FW13-e170 13
7069 0 FW13-e172 13
7069 0 FW13-e173 4
7069 0 FW13-e174 8
7069 0 FW13-e175 21
7069 0 FW13-e176 7
7069 0 FW13-e200 20
7070 0 FW13-e007 90
7070 0 FW13-e008 52
7070 0 FW13-e009 33
7070 0 FW13-e013 45
7070 0 FW13-e015 101
7070 0 FW13-e019 25
7070 0 FW13-e020 21
7070 0 FW13-e024 29
7070 0 FW13-e025 39
7070 0 FW13-e029 144
7070 0 FW13-e032 7
7070 0 FW13-e036 4
7070 0 FW13-e037 54
7070 0 FW13-e038 4
7070 0 FW13-e039 62
7070 0 FW13-e047 39
7070 0 FW13-e048 377
7070 0 FW13-e049 3
7070 0 FW13-e055 287
7070 0 FW13-e065 38
7070 0 FW13-e066 199
7070 0 FW13-e077 34
7070 0 FW13-e080 11
7070 0 FW13-e081 22
7070 0 FW13-e085 63
7070 0 FW13-e088 115
7070 0 FW13-e090 168
7070 0 FW13-e098 57
7070 0 FW13-e099 20
7070 0 FW13-e102 106
7070 0 FW13-e104 83
7070 0 FW13-e108 32
7070 0 FW13-e111 474
7070 0 FW13-e112 430
7070 0 FW13-e113 49
7070 0 FW13-e126 71
7070 0 FW13-e129 46
7070 0 FW13-e130 68
7070 0 FW13-e131 388
7070 0 FW13-e132 115
7070 0 FW13-e134 73
7070 0 FW13-e135 1
7070 0 FW13-e136 3
7070 0 FW13-e137 59
7070 0 FW13-e142 85
7070 0 FW13-e147 233
7070 0 FW13-e154 13
7070 0 FW13-e156 213
7070 0 FW13-e159 198
7070 0 FW13-e160 104
7070 0 FW13-e168 466
7070 0 FW13-e169 200
7070 0 FW13-e170 96
7070 0 FW13-e172 7
7070 0 FW13-e173 6
7070 0 FW13-e174 13
7070 0 FW13-e175 147
7070 0 FW13-e176 42
7070 0 FW13-e200 144
7071 0 FW13-e007 135
7071 0 FW13-e009 31
7071 0 FW13-e012 5
7071 0 FW13-e013 26
7071 0 FW13-e015 57
7071 0 FW13-e019 2
7071 0 FW13-e020 31
7071 0 FW13-e024 55
7071 0 FW13-e025 59
7071 0 FW13-e029 173
7071 0 FW13-e032 3
7071 0 FW13-e037 25
7071 0 FW13-e038 10
7071 0 FW13-e039 49
7071 0 FW13-e047 101
7071 0 FW13-e048 272
7071 0 FW13-e055 407
7071 0 FW13-e065 24
7071 0 FW13-e066 90
7071 0 FW13-e077 21
7071 0 FW13-e080 13
7071 0 FW13-e081 7
7071 0 FW13-e085 6
7071 0 FW13-e088 159
7071 0 FW13-e090 64
7071 0 FW13-e098 232
7071 0 FW13-e099 11
7071 0 FW13-e102 349
7071 0 FW13-e104 117
7071 0 FW13-e108 404
7071 0 FW13-e111 275
7071 0 FW13-e112 263
7071 0 FW13-e126 77
7071 0 FW13-e129 102
7071 0 FW13-e130 108
7071 0 FW13-e131 26
7071 0 FW13-e132 231
7071 0 FW13-e134 56
7071 0 FW13-e136 2
7071 0 FW13-e142 37
7071 0 FW13-e147 55
7071 0 FW13-e154 30
7071 0 FW13-e156 16
7071 0 FW13-e159 33
7071 0 FW13-e160 36
7071 0 FW13-e168 14
7071 0 FW13-e169 22
7071 0 FW13-e170 81
7071 0 FW13-e172 7
7071 0 FW13-e173 107
7071 0 FW13-e174 16
7071 0 FW13-e175 225
7071 0 FW13-e176 78
7071 0 FW13-e200 241
7073 0 FW13-e007 10
7073 0 FW13-e009 1
7073 0 FW13-e019 1
7073 0 FW13-e020 15
7073 0 FW13-e024 25
7073 0 FW13-e025 9
7073 0 FW13-e029 32
7073 0 FW13-e032 2
7073 0 FW13-e037 10
7073 0 FW13-e038 6
7073 0 FW13-e039 35
7073 0 FW13-e047 101
7073 0 FW13-e048 263
7073 0 FW13-e055 370
7073 0 FW13-e065 21
7073 0 FW13-e066 82
7073 0 FW13-e077 17
7073 0 FW13-e080 7
7073 0 FW13-e081 6
7073 0 FW13-e085 6
7073 0 FW13-e088 136
7073 0 FW13-e090 60
7073 0 FW13-e098 24
7073 0 FW13-e099 7
7073 0 FW13-e102 293
7073 0 FW13-e104 71
7073 0 FW13-e108 386
7073 0 FW13-e111 232
7073 0 FW13-e112 242
7073 0 FW13-e126 67
7073 0 FW13-e129 100
7073 0 FW13-e130 99
7073 0 FW13-e131 24
7073 0 FW13-e132 181
7073 0 FW13-e134 47
7073 0 FW13-e136 2
7073 0 FW13-e142 36
7073 0 FW13-e147 51
7073 0 FW13-e154 12
7073 0 FW13-e156 11
7073 0 FW13-e159 32
7073 0 FW13-e160 26
7073 0 FW13-e168 14
7073 0 FW13-e169 22
7073 0 FW13-e170 58
7073 0 FW13-e172 7
7073 0 FW13-e173 107
7073 0 FW13-e174 10
7073 0 FW13-e175 169
7073 0 FW13-e176 35
7073 0 FW13-e200 188
7075 0 FW13-e007 1
7075 0 FW13-e019 5
7075 0 FW13-e025 1
7075 0 FW13-e032 2
7075 0 FW13-e048 13
7075 0 FW13-e066 1
7075 0 FW13-e098 2
7075 0 FW13-e126 2
7075 0 FW13-e129 2
7075 0 FW13-e147 10
7075 0 FW13-e172 1
7075 0 FW13-e176 1
7076 0 FW13-e113 1
7077 0 FW13-e013 3
7077 0 FW13-e019 1
7077 0 FW13-e025 9
7077 0 FW13-e032 6
7077 0 FW13-e038 7
7077 0 FW13-e039 66
7077 0 FW13-e055 2
7077 0 FW13-e088 3
7077 0 FW13-e098 3
7077 0 FW13-e099 2
7077 0 FW13-e104 5
7077 0 FW13-e111 5
7077 0 FW13-e126 6
7077 0 FW13-e131 73
7077 0 FW13-e142 1
7077 0 FW13-e160 2
7077 0 FW13-e170 3
7077 0 FW13-e174 2
7077 0 FW13-e175 4
7077 0 FW13-e176 10
7077 0 FW13-e200 4
7078 0 FW13-e007 26
7078 0 FW13-e009 15
7078 0 FW13-e013 23
7078 0 FW13-e015 8
7078 0 FW13-e019 5
7078 0 FW13-e020 28
7078 0 FW13-e024 6
7078 0 FW13-e025 20
7078 0 FW13-e029 30
7078 0 FW13-e032 21
7078 0 FW13-e036 9
7078 0 FW13-e037 24
7078 0 FW13-e039 63
7078 0 FW13-e047 2
7078 0 FW13-e048 70
7078 0 FW13-e055 106
7078 0 FW13-e065 5
7078 0 FW13-e066 107
7078 0 FW13-e077 20
7078 0 FW13-e080 16
7078 0 FW13-e081 3
7078 0 FW13-e085 24
7078 0 FW13-e088 21
7078 0 FW13-e090 106
7078 0 FW13-e098 31
7078 0 FW13-e099 1
7078 0 FW13-e102 54
7078 0 FW13-e104 98
7078 0 FW13-e108 11
7078 0 FW13-e111 79
7078 0 FW13-e112 181
7078 0 FW13-e113 2
7078 0 FW13-e126 13
7078 0 FW13-e129 33
7078 0 FW13-e130 34
7078 0 FW13-e131 140
7078 0 FW13-e132 21
7078 0 FW13-e134 15
7078 0 FW13-e135 10
7078 0 FW13-e136 17
7078 0 FW13-e137 4
7078 0 FW13-e142 2
7078 0 FW13-e147 64
7078 0 FW13-e154 3
7078 0 FW13-e156 15
7078 0 FW13-e159 9
7078 0 FW13-e160 43
7078 0 FW13-e168 7
7078 0 FW13-e169 41
7078 0 FW13-e170 40
7078 0 FW13-e172 27
7078 0 FW13-e173 3
7078 0 FW13-e174 6
7078 0 FW13-e175 31
7078 0 FW13-e176 22
7078 0 FW13-e200 22
7079 0 FW13-e007 147
7079 0 FW13-e008 3
7079 0 FW13-e009 3
7079 0 FW13-e012 2
7079 0 FW13-e013 16
7079 0 FW13-e015 60
7079 0 FW13-e019 62
7079 0 FW13-e020 44
7079 0 FW13-e024 218
7079 0 FW13-e025 240
7079 0 FW13-e029 158
7079 0 FW13-e032 39
7079 0 FW13-e037 36
7079 0 FW13-e038 102
7079 0 FW13-e039 327
7079 0 FW13-e047 19
7079 0 FW13-e048 549
7079 0 FW13-e049 2
7079 0 FW13-e055 403
7079 0 FW13-e065 14
7079 0 FW13-e066 119
7079 0 FW13-e077 29
7079 0 FW13-e080 29
7079 0 FW13-e081 17
7079 0 FW13-e085 116
7079 0 FW13-e088 220
7079 0 FW13-e090 419
7079 0 FW13-e098 522
7079 0 FW13-e099 23
7079 0 FW13-e102 144
7079 0 FW13-e104 271
7079 0 FW13-e108 47
7079 0 FW13-e111 304
7079 0 FW13-e112 190
7079 0 FW13-e113 33
7079 0 FW13-e126 414
7079 0 FW13-e129 96
7079 0 FW13-e130 106
7079 0 FW13-e131 70
7079 0 FW13-e132 383
7079 0 FW13-e134 76
7079 0 FW13-e136 1
7079 0 FW13-e137 83
7079 0 FW13-e142 34
7079 0 FW13-e147 108
7079 0 FW13-e154 163
7079 0 FW13-e156 354
7079 0 FW13-e159 42
7079 0 FW13-e160 43
7079 0 FW13-e168 57
7079 0 FW13-e169 63
7079 0 FW13-e170 117
7079 0 FW13-e172 61
7079 0 FW13-e173 6
7079 0 FW13-e174 71
7079 0 FW13-e175 424
7079 0 FW13-e176 317
7079 0 FW13-e200 396
7080 0 FW13-e007 8593
7080 0 FW13-e008 1395
7080 0 FW13-e009 5083
7080 0 FW13-e012 2436
7080 0 FW13-e013 4090
7080 0 FW13-e015 5743
7080 0 FW13-e019 3042
7080 0 FW13-e020 3982
7080 0 FW13-e024 5195
7080 0 FW13-e025 1119
7080 0 FW13-e029 11660
7080 0 FW13-e032 4058
7080 0 FW13-e036 1798
7080 0 FW13-e037 3913
7080 0 FW13-e038 1640
7080 0 FW13-e039 13247
7080 0 FW13-e044 996
7080 0 FW13-e047 3406
7080 0 FW13-e048 5429
7080 0 FW13-e049 96
7080 0 FW13-e055 6169
7080 0 FW13-e065 3362
7080 0 FW13-e066 10199
7080 0 FW13-e077 5020
7080 0 FW13-e080 285
7080 0 FW13-e081 6953
7080 0 FW13-e085 6300
7080 0 FW13-e088 9768
7080 0 FW13-e090 7548
7080 0 FW13-e098 9332
7080 0 FW13-e099 690
7080 0 FW13-e102 12172
7080 0 FW13-e104 12296
7080 0 FW13-e108 6260
7080 0 FW13-e111 10889
7080 0 FW13-e112 13220
7080 0 FW13-e113 1359
7080 0 FW13-e126 7630
7080 0 FW13-e129 7595
7080 0 FW13-e130 9515
7080 0 FW13-e131 10435
7080 0 FW13-e132 10162
7080 0 FW13-e134 5144
7080 0 FW13-e135 174
7080 0 FW13-e136 1987
7080 0 FW13-e137 8093
7080 0 FW13-e142 268
7080 0 FW13-e147 2022
7080 0 FW13-e154 1697
7080 0 FW13-e156 3966
7080 0 FW13-e159 8662
7080 0 FW13-e160 12597
7080 0 FW13-e168 1584
7080 0 FW13-e169 8936
7080 0 FW13-e170 9070
7080 0 FW13-e172 1162
7080 0 FW13-e173 1873
7080 0 FW13-e174 1916
7080 0 FW13-e175 11096
7080 0 FW13-e176 2745
7080 0 FW13-e200 10510
7081 0 FW13-e007 50
7081 0 FW13-e008 3
7081 0 FW13-e009 2
7081 0 FW13-e013 22
7081 0 FW13-e015 51
7081 0 FW13-e020 15
7081 0 FW13-e024 16
7081 0 FW13-e025 3
7081 0 FW13-e029 55
7081 0 FW13-e036 1
7081 0 FW13-e037 19
7081 0 FW13-e038 12
7081 0 FW13-e039 26
7081 0 FW13-e048 3
7081 0 FW13-e055 64
7081 0 FW13-e065 7
7081 0 FW13-e066 4
7081 0 FW13-e077 14
7081 0 FW13-e080 2
7081 0 FW13-e081 1
7081 0 FW13-e085 6
7081 0 FW13-e088 57
7081 0 FW13-e090 14
7081 0 FW13-e098 8
7081 0 FW13-e099 1
7081 0 FW13-e102 9
7081 0 FW13-e104 3
7081 0 FW13-e108 1
7081 0 FW13-e111 40
7081 0 FW13-e112 8
7081 0 FW13-e126 18
7081 0 FW13-e129 21
7081 0 FW13-e130 50
7081 0 FW13-e131 10
7081 0 FW13-e132 103
7081 0 FW13-e147 36
7081 0 FW13-e156 25
7081 0 FW13-e160 3
7081 0 FW13-e168 2
7081 0 FW13-e169 14
7081 0 FW13-e170 2
7081 0 FW13-e172 2
7081 0 FW13-e174 7
7081 0 FW13-e175 122
7081 0 FW13-e176 10
7081 0 FW13-e200 131
7082 0 FW13-e007 8559
7082 0 FW13-e008 1380
7082 0 FW13-e009 5075
7082 0 FW13-e012 2437
7082 0 FW13-e013 4072
7082 0 FW13-e015 5722
7082 0 FW13-e019 3020
7082 0 FW13-e020 3972
7082 0 FW13-e024 4980
7082 0 FW13-e025 1078
7082 0 FW13-e029 11560
7082 0 FW13-e032 4030
7082 0 FW13-e036 1796
7082 0 FW13-e037 3900
7082 0 FW13-e038 1609
7082 0 FW13-e039 13114
7082 0 FW13-e044 996
7082 0 FW13-e047 3401
7082 0 FW13-e048 5295
7082 0 FW13-e049 96
7082 0 FW13-e055 6077
7082 0 FW13-e065 3362
7082 0 FW13-e066 10141
7082 0 FW13-e077 5020
7082 0 FW13-e080 278
7082 0 FW13-e081 6950
7082 0 FW13-e085 6212
7082 0 FW13-e088 9718
7082 0 FW13-e090 7462
7082 0 FW13-e098 9244
7082 0 FW13-e099 681
7082 0 FW13-e102 12126
7082 0 FW13-e104 12217
7082 0 FW13-e108 6253
7082 0 FW13-e111 10753
7082 0 FW13-e112 13118
7082 0 FW13-e113 1344
7082 0 FW13-e126 7555
7082 0 FW13-e129 7574
7082 0 FW13-e130 9436
7082 0 FW13-e131 10391
7082 0 FW13-e132 10102
7082 0 FW13-e134 5114
7082 0 FW13-e135 163
7082 0 FW13-e136 1966
7082 0 FW13-e137 8025
7082 0 FW13-e142 263
7082 0 FW13-e147 2005
7082 0 FW13-e154 1688
7082 0 FW13-e156 3873
7082 0 FW13-e159 8630
7082 0 FW13-e160 12561
7082 0 FW13-e168 1571
7082 0 FW13-e169 8905
7082 0 FW13-e170 9034
7082 0 FW13-e172 1107
7082 0 FW13-e173 1873
7082 0 FW13-e174 1900
7082 0 FW13-e175 11036
7082 0 FW13-e176 2720
7082 0 FW13-e200 10447
